0.0132514 0.0173501  0.019398 0.0200342  0.019398 0.0173501 0.0132514
0.0173501 0.0206508 0.0223989  0.022952 0.0223989 0.0206508 0.0173501
 0.019398 0.0223989 0.0240201 0.0245368 0.0240201 0.0223989  0.019398
0.0200342  0.022952 0.0245368 0.0250427 0.0245368  0.022952 0.0200342
 0.019398 0.0223989 0.0240201 0.0245368 0.0240201 0.0223989  0.019398
0.0173501 0.0206508 0.0223989  0.022952 0.0223989 0.0206508 0.0173501
0.0132514 0.0173501  0.019398 0.0200342  0.019398 0.0173501 0.0132514